#F diff_pat.dat
#S 1 diff_pat run
#C results of diff_pat run
#N 7
#L  Th-ThB{in} [deg]  Th-ThB{out} [deg]  phase_p[rad]  phase_s[rad]  Circ Polariz  p-polarized  s-polarized
-0.20000000E-02  0.20000244E-02   3.7658295       2.8513481      0.28378914E-02  0.16272981E-01  0.78850430E-03
-0.19798995E-02  0.19799234E-02   3.2393076       3.0693887      0.28708900E-02  0.22310457E-01  0.12918892E-01
-0.19597990E-02  0.19598224E-02   2.7152256       2.6115299      0.23053978E-02  0.15885687E-01  0.31226342E-01
-0.19396985E-02  0.19397214E-02   2.2613564       2.1094034      0.18459592E-02  0.41306048E-02  0.36004553E-01
-0.19195980E-02  0.19196204E-02   4.1040613       1.6245486      0.21191059E-02  0.54335445E-03  0.21868186E-01
-0.18994975E-02  0.18995195E-02   3.9843248       1.3230393      0.29591105E-02  0.98075252E-02  0.41819814E-02
-0.18793970E-02  0.18794185E-02   3.4810292       3.0109265      0.35533910E-02  0.22126836E-01  0.27810754E-02
-0.18592965E-02  0.18593175E-02   2.9540702       2.8021239      0.33268824E-02  0.23856683E-01  0.20250228E-01
-0.18391960E-02  0.18392166E-02   2.4441728       2.3270148      0.26048000E-02  0.12897844E-01  0.38501322E-01
-0.18190955E-02  0.18191156E-02   2.1352625       1.8279493      0.22952272E-02  0.15167902E-02  0.37955831E-01
-0.17989950E-02  0.17990147E-02   4.1085834       1.3649003      0.28983140E-02  0.29486900E-02  0.18973004E-01
-0.17788945E-02  0.17789137E-02   3.7095220       1.2921030      0.39211633E-02  0.16410803E-01  0.21345501E-02
-0.17587940E-02  0.17588128E-02   3.1944901       2.8590892      0.43765062E-02  0.27454057E-01  0.64397195E-02
-0.17386935E-02  0.17387119E-02   2.6715253       2.5227271      0.38629024E-02  0.23801732E-01  0.28525366E-01
-0.17185930E-02  0.17186110E-02   2.1886999       2.0402597      0.30479133E-02  0.93224904E-02  0.45557775E-01
-0.16984925E-02  0.16985100E-02   2.6248046       1.5473587      0.29826316E-02  0.29130495E-03  0.39368147E-01
-0.16783920E-02  0.16784091E-02   3.8911804       1.1144398      0.39502738E-02  0.75133741E-02  0.16313330E-01
-0.16582915E-02  0.16583082E-02   3.4265867       1.4840113      0.51065297E-02  0.23930459E-01  0.12553500E-02
-0.16381910E-02  0.16382073E-02   2.9077244       2.6226099      0.53540841E-02  0.31850682E-01  0.11376615E-01
-0.16180905E-02  0.16181064E-02   2.3933153       2.2355936      0.45471620E-02  0.22403473E-01  0.37409911E-01
-0.15979899E-02  0.15980055E-02   1.9641981       1.7512882      0.37095122E-02  0.58523420E-02  0.52660452E-01
-0.15778894E-02  0.15779046E-02   3.6845999       1.2667316      0.39712014E-02  0.87743355E-03  0.40989942E-01
-0.15577889E-02  0.15578037E-02   3.6287954      0.87095270      0.53274912E-02  0.14025484E-01  0.14436281E-01
-0.15376884E-02  0.15377028E-02   3.1396794       1.7245060      0.65766276E-02  0.31896206E-01  0.13894028E-02
-0.15175879E-02  0.15176020E-02   2.6215854       2.3499616      0.65696408E-02  0.35250834E-01  0.17009249E-01
-0.14974874E-02  0.14975011E-02   2.1212596       1.9419508      0.54744972E-02  0.20178667E-01  0.46693087E-01
-0.14773869E-02  0.14774002E-02   1.8082437       1.4592615      0.46730295E-02  0.30903804E-02  0.60434007E-01
-0.14572864E-02  0.14572994E-02   3.6733092      0.98385747      0.53273468E-02  0.33899361E-02  0.43861307E-01
-0.14371859E-02  0.14371985E-02   3.3495966      0.62511573      0.71015863E-02  0.22134489E-01  0.13882590E-01
-0.14170854E-02  0.14170977E-02   2.8504266       1.6992551      0.84346176E-02  0.40076812E-01  0.21284625E-02
-0.13969849E-02  0.13969968E-02   2.3363781       2.0538577      0.81550118E-02  0.37989324E-01  0.22525452E-01
-0.13768844E-02  0.13768960E-02   1.8568489       1.6411157      0.67708113E-02  0.17800075E-01  0.56204837E-01
-0.13567839E-02  0.13567951E-02   1.8155856       1.1623878      0.60287289E-02  0.14091035E-02  0.69837509E-01
-0.13366834E-02  0.13366943E-02   3.4609874      0.69496644      0.71188050E-02  0.76183711E-02  0.49440518E-01
-0.13165829E-02  0.13165935E-02   3.0614317      0.35910446      0.93674281E-02  0.31484163E-01  0.15410244E-01
-0.12964824E-02  0.12964926E-02   2.5591843       1.4199464      0.10837701E-01  0.48636444E-01  0.29271137E-02
-0.12763819E-02  0.12763918E-02   2.0516043       1.7344033      0.10306288E-01  0.40845406E-01  0.26730491E-01
-0.12562814E-02  0.12562910E-02   1.5994139       1.3305353      0.86036277E-02  0.16016609E-01  0.65489471E-01
-0.12361809E-02  0.12361902E-02   2.0841825      0.85776527      0.78712913E-02  0.85277868E-03  0.81999864E-01
-0.12160804E-02  0.12160894E-02   3.1932653      0.39512821      0.94002317E-02  0.13014970E-01  0.59873849E-01
-0.11959799E-02  0.11959886E-02   2.7664665      0.54942354E-01  0.12228702E-01  0.41798332E-01  0.20581125E-01
-0.11758794E-02  0.11758878E-02   2.2652599      0.89618283      0.13998264E-01  0.58257982E-01  0.35041753E-02
-0.11557789E-02  0.11557870E-02   1.7654215       1.3804182      0.13304967E-01  0.45141713E-01  0.27802628E-01
-0.11356784E-02  0.11356862E-02   1.3422257       1.0047856      0.11206611E-01  0.15695623E-01  0.73000096E-01
-0.11155779E-02  0.11155855E-02   2.2441075      0.54106965      0.10298209E-01  0.11063377E-02  0.97555729E-01
-0.10954774E-02  0.10954847E-02   2.8962803      0.79367292E-01  0.12168731E-01  0.18596367E-01  0.78246871E-01
-0.10753769E-02  0.10753839E-02   2.4640250       5.9920008      0.15729057E-01  0.52789714E-01  0.33002021E-01
-0.10552764E-02  0.10552832E-02   1.9667196      0.85835330E-01  0.18137859E-01  0.70197858E-01  0.51676661E-02
-0.10351759E-02  0.10351824E-02   1.4740728      0.95353745      0.17530911E-01  0.53025081E-01  0.23432184E-01
-0.10150754E-02  0.10150817E-02   1.0693461      0.65193029      0.14933139E-01  0.18196543E-01  0.74567047E-01
-0.99497487E-03  0.99498090E-03   1.9750304      0.20540234      0.13428799E-01  0.16394797E-02  0.11445956    
-0.97487437E-03  0.97488016E-03   2.5704260       6.0264573      0.15272259E-01  0.22632269E-01  0.10773758    
-0.95477387E-03  0.95477942E-03   2.1505986       5.6154752      0.19649828E-01  0.63586811E-01  0.60167906E-01
-0.93467337E-03  0.93467869E-03   1.6599299       5.5195499      0.23276458E-01  0.86042743E-01  0.14547868E-01
-0.91457286E-03  0.91457796E-03   1.1719127      0.29285893      0.23379068E-01  0.68044854E-01  0.13543306E-01
-0.89447236E-03  0.89447723E-03  0.76253747      0.23821020      0.20343108E-01  0.26565996E-01  0.62154626E-01
-0.87437186E-03  0.87437652E-03   1.2693306       6.1195830      0.17530827E-01  0.25560432E-02  0.12255110    
-0.85427136E-03  0.85427580E-03   2.1935920       5.6636796      0.18335557E-01  0.22173537E-01  0.14567127    
-0.83417085E-03  0.83417509E-03   1.8174409       5.2201615      0.23077388E-01  0.70992767E-01  0.11255017    
-0.81407035E-03  0.81407439E-03   1.3385433       4.8801694      0.28548127E-01  0.10611902      0.50636131E-01
-0.79396985E-03  0.79397369E-03  0.85229505       5.1386041      0.30688859E-01  0.95543918E-01  0.11888030E-01
-0.77386935E-03  0.77387299E-03  0.41721455       5.8893340      0.28114012E-01  0.48428656E-01  0.31048545E-01
-0.75376884E-03  0.75377230E-03  0.36417987       5.6705613      0.23429158E-01  0.81656945E-02  0.97884093E-01
-0.73366834E-03  0.73367162E-03   1.6578310       5.2543706      0.21170810E-01  0.14075083E-01  0.16492059    
-0.71356784E-03  0.71357094E-03   1.4396513       4.8016113      0.24063699E-01  0.65970552E-01  0.18370536    
-0.69346734E-03  0.69347027E-03  0.98974301       4.3663089      0.30693343E-01  0.12312747      0.14115758    
-0.67336683E-03  0.67336960E-03  0.50715203       4.0312242      0.36501922E-01  0.13863854      0.68994293E-01
-0.65326633E-03  0.65326893E-03  0.42475808E-01   4.1537255      0.37302963E-01  0.99455058E-01  0.20571997E-01
-0.63316583E-03  0.63316827E-03   5.9745801       4.8224428      0.32530347E-01  0.38116639E-01  0.33259632E-01
-0.61306533E-03  0.61306762E-03  0.20736739       4.6958933      0.25722357E-01  0.67379359E-02  0.10328647    
-0.59296482E-03  0.59296697E-03  0.89664130       4.3104323      0.21935648E-01  0.35173003E-01  0.18926617    
-0.57286432E-03  0.57286632E-03  0.57304547       3.8653427      0.24082321E-01  0.10721622      0.23997925    
-0.55276382E-03  0.55276568E-03  0.11711634       3.4152326      0.30859360E-01  0.17290460      0.22665072    
-0.53266332E-03  0.53266504E-03   5.9221045       3.0009256      0.37641813E-01  0.18611380      0.15926837    
-0.51256281E-03  0.51256441E-03   5.4630778       2.7104520      0.39563214E-01  0.13823198      0.78734153E-01
-0.49246231E-03  0.49246379E-03   5.0984185       2.8279183      0.34603800E-01  0.63711493E-01  0.32112165E-01
-0.47236181E-03  0.47236317E-03   5.2277821       3.2465077      0.24714192E-01  0.15470289E-01  0.46959332E-01
-0.45226131E-03  0.45226255E-03   6.0228647       3.1289578      0.14463054E-01  0.29303362E-01  0.11876806    
-0.43216080E-03  0.43216194E-03   5.8511747       2.7654167      0.82786083E-02  0.10182192      0.21613069    
-0.41206030E-03  0.41206134E-03   5.4350796       2.3268682      0.80395980E-02  0.19460099      0.29818120    
-0.39195980E-03  0.39196073E-03   4.9646860       1.8649516      0.12301053E-01  0.25889300      0.33377597    
-0.37185930E-03  0.37186014E-03   4.4847305       1.4034493      0.17318292E-01  0.26354210      0.31324646    
-0.35175879E-03  0.35175955E-03   4.0208371      0.96265901      0.19044209E-01  0.20976469      0.24906776    
-0.33165829E-03  0.33165896E-03   3.6122438      0.57327831      0.14944188E-01  0.12695069      0.16761380    
-0.31155779E-03  0.31155838E-03   3.3725271      0.29670036      0.48197201E-02  0.55200356E-01  0.97437589E-01
-0.29145729E-03  0.29145780E-03   3.6152234      0.22956351     -0.95033785E-02  0.26007295E-01  0.59467867E-01
-0.27135678E-03  0.27135723E-03   3.8981840      0.29090614     -0.25211462E-01  0.50676783E-01  0.62205157E-01
-0.25125628E-03  0.25125667E-03   3.6792388      0.17113092     -0.39650730E-01  0.11982221      0.10216817    
-0.23115578E-03  0.23115610E-03   3.2737166       6.1404175     -0.51108393E-01  0.21120462      0.16785125    
-0.21105528E-03  0.21105555E-03   2.8040064       5.7260583     -0.59048884E-01  0.30029670      0.24481099    
-0.19095477E-03  0.19095500E-03   2.3071755       5.2616135     -0.63897842E-01  0.36860018      0.31995725    
-0.17085427E-03  0.17085445E-03   1.7973599       4.7697678     -0.66602302E-01  0.40736090      0.38408243    
-0.15075377E-03  0.15075391E-03   1.2809264       4.2612598     -0.68190892E-01  0.41697712      0.43257286    
-0.13065327E-03  0.13065337E-03  0.76088723       3.7414479     -0.69471129E-01  0.40389742      0.46480480    
-0.11055276E-03  0.11055284E-03  0.23836136       3.2130068     -0.70900673E-01  0.37698926      0.48289436    
-0.90452261E-04  0.90452311E-04   5.9962409       2.6771364     -0.72599481E-01  0.34471595      0.49036297    
-0.70351759E-04  0.70351789E-04   5.4666209       2.1341765     -0.74442250E-01  0.31361427      0.49105511    
-0.50251256E-04  0.50251272E-04   4.9301217       1.5839782     -0.76175182E-01  0.28793206      0.48842728    
-0.30150754E-04  0.30150759E-04   4.3836229       1.0261719     -0.77520825E-01  0.26999447      0.48517654    
-0.10050251E-04  0.10050252E-04   3.8242407      0.46037834     -0.78255190E-01  0.26084819      0.48310500    
 0.10050251E-04 -0.10050251E-04   3.2502278       6.1695508     -0.78255302E-01  0.26084886      0.48310535    
 0.30150754E-04 -0.30150748E-04   2.6615843       5.5873187     -0.77521167E-01  0.26999647      0.48517750    
 0.50251256E-04 -0.50251241E-04   2.0600578       4.9970994     -0.76175777E-01  0.28793533      0.48842855    
 0.70351759E-04 -0.70351729E-04   1.4485319       4.3992721     -0.74443127E-01  0.31361862      0.49105621    
 0.90452261E-04 -0.90452211E-04  0.83012719       3.7942065     -0.72600672E-01  0.34472099      0.49036320    
 0.11055276E-03 -0.11055269E-03  0.20740848       3.1820512     -0.70902192E-01  0.37699429      0.48289288    
 0.13065327E-03 -0.13065316E-03   5.8650952       2.5624664     -0.69472957E-01  0.40390140      0.46480069    
 0.15075377E-03 -0.15075363E-03   5.2371098       1.9342519     -0.68192954E-01  0.41697873      0.43256537    
 0.17085427E-03 -0.17085409E-03   4.6055184       1.2947325     -0.66604455E-01  0.40735887      0.38407120    
 0.19095477E-03 -0.19095455E-03   3.9673084      0.63854903     -0.63899876E-01  0.36859373      0.31994268    
 0.21105528E-03 -0.21105501E-03   3.3161121       6.2381462     -0.59050557E-01  0.30028611      0.24479451    
 0.23115578E-03 -0.23115545E-03   2.6377917       5.5044646     -0.51109496E-01  0.21119168      0.16783540    
 0.25125628E-03 -0.25125590E-03   1.8952734       4.6703050     -0.39651180E-01  0.11981020      0.10215633    
 0.27135678E-03 -0.27135634E-03  0.96614376       3.6419995     -0.25211388E-01  0.50669630E-01  0.62200757E-01
 0.29145729E-03 -0.29145677E-03   5.8182625       2.4326239     -0.95031487E-02  0.26008135E-01  0.59473257E-01
 0.31155779E-03 -0.31155720E-03   4.4276332       1.3517936      0.48195668E-02  0.55209746E-01  0.97452721E-01
 0.33165829E-03 -0.33165762E-03   3.5193709      0.48038545      0.14943127E-01  0.12696553      0.16763539    
 0.35175879E-03 -0.35175804E-03   2.7799537       6.0049446      0.19041982E-01  0.20977877      0.24908952    
 0.37185930E-03 -0.37185845E-03   2.0958270       5.2977179      0.17315105E-01  0.26354860      0.31326074    
 0.39195980E-03 -0.39195886E-03   1.4277579       4.6111974      0.12297602E-01  0.25888809      0.33377670    
 0.41206030E-03 -0.41205927E-03  0.75012155       3.9250859      0.80368228E-02  0.19458660      0.29816698    
 0.43216080E-03 -0.43215967E-03  0.18171684E-01   3.2155975      0.82772494E-02  0.10180565      0.21610650    
 0.45226131E-03 -0.45226006E-03   5.3249182       2.4310771      0.14463214E-01  0.29294658E-01  0.11874418    
 0.47236181E-03 -0.47236045E-03   3.3816917       1.4004793      0.24715184E-01  0.15474721E-01  0.46947116E-01
 0.49246231E-03 -0.49246083E-03   2.1045109       6.1169639      0.34604443E-01  0.63726588E-01  0.32118299E-01
 0.51256281E-03 -0.51256121E-03   1.3211805       4.8516513      0.39562497E-01  0.13824799      0.78756262E-01
 0.53266332E-03 -0.53266159E-03  0.63219041       3.9941610      0.37639550E-01  0.18611976      0.15929506    
 0.55276382E-03 -0.55276196E-03   6.2455469       3.2604609      0.30856389E-01  0.17289608      0.22666707    
 0.57286432E-03 -0.57286232E-03   5.5534379       2.5625488      0.24080038E-01  0.10719914      0.23997535    
 0.59296482E-03 -0.59296268E-03   4.7289368       1.8596038      0.21935092E-01  0.35159941E-01  0.18924384    
 0.61306533E-03 -0.61306304E-03   2.8912043       1.0970007      0.25723463E-01  0.67388928E-02  0.10325927    
 0.63316583E-03 -0.63316339E-03   1.2276615      0.75346310E-01  0.32531922E-01  0.38131003E-01  0.33245058E-01
 0.65326633E-03 -0.65326373E-03  0.43077578       4.5416420      0.37303501E-01  0.99471495E-01  0.20580015E-01
 0.67336683E-03 -0.67336407E-03   6.0306228       3.2714142      0.36500708E-01  0.13864371      0.69019881E-01
 0.69346734E-03 -0.69346441E-03   5.3651863       2.4585373      0.30691028E-01  0.12311702      0.14118319    
 0.71356784E-03 -0.71356474E-03   4.6670466       1.7458289      0.24061836E-01  0.65953195E-01  0.18371273    
 0.73366834E-03 -0.73366506E-03   3.7370191       1.0505587      0.21170655E-01  0.14065625E-01  0.16490417    
 0.75376884E-03 -0.75376538E-03   1.2951973      0.31869129      0.23430652E-01  0.81723752E-02  0.97855915E-01
 0.77386935E-03 -0.77386570E-03  0.20052873       5.6724508      0.28115799E-01  0.48445659E-01  0.31029960E-01
 0.79396985E-03 -0.79396601E-03   5.7708012       3.7733096      0.30689380E-01  0.95556136E-01  0.11893561E-01
 0.81407035E-03 -0.81406632E-03   5.1090282       2.3673516      0.28546917E-01  0.10611544      0.50661676E-01
 0.83417085E-03 -0.83416662E-03   4.4398875       1.5594010      0.23075484E-01  0.70976651E-01  0.11257551    
 0.85427136E-03 -0.85426691E-03   3.6679241      0.85490943      0.18334611E-01  0.22159746E-01  0.14567590    
 0.87437186E-03 -0.87436720E-03   1.5946784      0.16277881      0.17531677E-01  0.25574430E-02  0.12253117    
 0.89447236E-03 -0.89446749E-03   6.2240403       5.6996951      0.20345036E-01  0.26581301E-01  0.62126746E-01
 0.91457286E-03 -0.91456777E-03   5.4854532       4.6059151      0.23380427E-01  0.68059574E-01  0.13531096E-01
 0.93467337E-03 -0.93466805E-03   4.8254541       2.4014556      0.23276152E-01  0.86042823E-01  0.14561911E-01
 0.95477387E-03 -0.95476832E-03   4.1680874       1.3497123      0.19648297E-01  0.63572204E-01  0.60196195E-01
 0.97487437E-03 -0.97486858E-03   3.4398167      0.61271871      0.15271071E-01  0.22617202E-01  0.10775546    
 0.99497487E-03 -0.99496885E-03   1.6949856       6.2100132      0.13429200E-01  0.16387288E-02  0.11445127    
 0.10150754E-02 -0.10150691E-02   5.9258599       5.5084861      0.14934895E-01  0.18210870E-01  0.74540030E-01
 0.10351759E-02 -0.10351694E-02   5.1826493       4.6618823      0.17532535E-01  0.53040301E-01  0.23410868E-01
 0.10552764E-02 -0.10552696E-02   4.5272825       2.6452365      0.18138022E-01  0.70198816E-01  0.51715452E-02
 0.10753769E-02 -0.10753698E-02   3.8765522       1.1212084      0.15727846E-01  0.52775495E-01  0.33027642E-01
 0.10954774E-02 -0.10954701E-02   3.1607021      0.34384124      0.12167553E-01  0.18581367E-01  0.78270617E-01
 0.11155779E-02 -0.11155703E-02   1.3585972       5.9407191      0.10298420E-01  0.11058086E-02  0.97555532E-01
 0.11356784E-02 -0.11356705E-02   5.5937754       5.2563900      0.11208205E-01  0.15710125E-01  0.72976216E-01
 0.11557789E-02 -0.11557708E-02   4.8690371       4.4838687      0.13306596E-01  0.45156413E-01  0.27777749E-01
 0.11758794E-02 -0.11758710E-02   4.2208615       2.8502068      0.13998572E-01  0.58257789E-01  0.35020896E-02
 0.11959799E-02 -0.11959712E-02   3.5740290      0.86229345      0.12227662E-01  0.41783499E-01  0.20603917E-01
 0.12160804E-02 -0.12160714E-02   2.8526920      0.54629765E-01  0.93991509E-02  0.13000941E-01  0.59899601E-01
 0.12361809E-02 -0.12361716E-02  0.59336663       5.6524516      0.78714953E-02  0.85420710E-03  0.82003657E-01
 0.12562814E-02 -0.12562718E-02   5.2460203       4.9771802      0.86051333E-02  0.16032022E-01  0.65467693E-01
 0.12763819E-02 -0.12763720E-02   4.5502612       4.2329060      0.10307804E-01  0.40858651E-01  0.26704617E-01
 0.12964824E-02 -0.12964722E-02   3.9098241       2.7688546      0.10837951E-01  0.48633612E-01  0.29227646E-02
 0.13165829E-02 -0.13165724E-02   3.2640250      0.56143810      0.93664388E-02  0.31468302E-01  0.15431806E-01
 0.13366834E-02 -0.13366725E-02   2.5153655       6.0326852      0.71178621E-02  0.76063457E-02  0.49466569E-01
 0.13567839E-02 -0.13567727E-02   6.0040705       5.3521109      0.60290439E-02  0.14137325E-02  0.69842045E-01
 0.13768844E-02 -0.13768729E-02   4.8985186       4.6827967      0.67722819E-02  0.17816444E-01  0.56183393E-01
 0.13969849E-02 -0.13969730E-02   4.2300771       3.9473842      0.81563473E-02  0.37999958E-01  0.22499787E-01
 0.14170854E-02 -0.14170732E-02   3.5961033       2.4427375      0.84346886E-02  0.40070354E-01  0.21246898E-02
 0.14371859E-02 -0.14371734E-02   2.9472124      0.22248402      0.71005910E-02  0.22117937E-01  0.13904615E-01
 0.14572864E-02 -0.14572735E-02   2.1224617       5.7166140      0.53265835E-02  0.33811730E-02  0.43886680E-01
 0.14773869E-02 -0.14773736E-02   5.3925334       5.0440215      0.46735270E-02  0.30989021E-02  0.60436777E-01
 0.14974874E-02 -0.14974738E-02   4.5579896       4.3786636      0.54759442E-02  0.20195271E-01  0.46670502E-01
 0.15175879E-02 -0.15175739E-02   3.9103261       3.6384814      0.65707339E-02  0.35257537E-01  0.16984735E-01
 0.15376884E-02 -0.15376740E-02   3.2803902       1.8621086      0.65764562E-02  0.31885769E-01  0.13884441E-02
 0.15577889E-02 -0.15577742E-02   2.6214156       6.1465845      0.53264902E-02  0.14009330E-01  0.14459932E-01
 0.15778894E-02 -0.15778743E-02   1.5274665       5.3945306      0.39706700E-02  0.87323939E-03  0.41013598E-01
 0.15979899E-02 -0.15979744E-02   4.9438100       4.7310849      0.37102242E-02  0.58647220E-02  0.52659451E-01
 0.16180905E-02 -0.16180745E-02   4.2251002       4.0673324      0.45485535E-02  0.22418888E-01  0.37385400E-01
 0.16381910E-02 -0.16381746E-02   3.5915050       3.3060686      0.53548754E-02  0.31852249E-01  0.11354465E-01
 0.16582915E-02 -0.16582747E-02   2.9623265       1.0165857      0.51061007E-02  0.23916505E-01  0.12589897E-02
 0.16783920E-02 -0.16783748E-02   2.2787556       5.7851655      0.39493158E-02  0.74993153E-02  0.16338965E-01
 0.16984925E-02 -0.16984749E-02   6.1426427       5.0702022      0.29823858E-02  0.29268583E-03  0.39388667E-01
 0.17185930E-02 -0.17185750E-02   4.5634642       4.4150915      0.30488303E-02  0.93378112E-02  0.45551460E-01
 0.17386935E-02 -0.17386751E-02   3.8983600       3.7494822      0.38641710E-02  0.23814071E-01  0.28499034E-01
 0.17587940E-02 -0.17587751E-02   3.2733080       2.9373521      0.43769477E-02  0.27449784E-01  0.64215579E-02
 0.17788945E-02 -0.17788752E-02   2.6402797      0.22118691      0.39205087E-02  0.16394707E-01  0.21440457E-02
 0.17989950E-02 -0.17989753E-02   1.8909195       5.4307151      0.28974803E-02  0.29386975E-02  0.19000030E-01
 0.18190955E-02 -0.18190753E-02   5.0523394       4.7458369      0.22953053E-02  0.15240483E-02  0.37971423E-01
 0.18391960E-02 -0.18391754E-02   4.2140290       4.0968785      0.26058690E-02  0.12914294E-01  0.38488783E-01
 0.18592965E-02 -0.18592754E-02   3.5759501       3.4238762      0.33279401E-02  0.23864013E-01  0.20223166E-01
 0.18793970E-02 -0.18793755E-02   2.9548797       2.4835269      0.35534617E-02  0.22116904E-01  0.27687979E-02
 0.18994975E-02 -0.18994755E-02   2.3100737       5.9312739      0.29583075E-02  0.97914793E-02  0.41978295E-02
 0.19195980E-02 -0.19195755E-02   1.2794669       5.0854410      0.21184906E-02  0.53918716E-03  0.21895030E-01
 0.19396985E-02 -0.19396756E-02   4.5740718       4.4223332      0.18463663E-02  0.41430122E-02  0.36013309E-01
 0.19597990E-02 -0.19597756E-02   3.8801480       3.7764195      0.23065256E-02  0.15900783E-01  0.31207567E-01
 0.19798995E-02 -0.19798756E-02   3.2562284       3.0860961      0.28716487E-02  0.22311332E-01  0.12893123E-01
 0.20000000E-02 -0.19999756E-02   2.6347041       1.7159778      0.28376117E-02  0.16258694E-01  0.78392132E-03
